0.000425493 
0.000448488 
4.81007e-05 
9.96358e-05 
0.00145812  
0.00303034  
0.000808733 
4.28611e-05 
8.91718e-05 
0.000112252 
5.48605e-05 
0.000203669 
6.36421e-05 
0.000108885 
5.32425e-05 
6.41033e-05 
8.55031e-05 
7.53543e-05 
0.000256972 
0.000130942 
6.615e-05 
0.000246744 
0.000228249 
0.000503107 
0.000450299 
6.78786e-05 
0.000188097 
8.69564e-05 
0.000106138 
0.000154997 
4.83614e-05 
0.00052984  
6.44949e-05 
3.74511e-05 
0.000255674 
0.000198858 
0.000218857 
9.38215e-05 
0.00125112  
7.99246e-05 
0.000595922 
0.000147008 
0.000251753 
0.000129308 
0.000534032 
0.000557916 
0.0011347 
0.000989671 
0.000190041 
0.000233676 
0.000400883 
2.97385e-05 
0.000676782 
0.00010456  
0.000263718 
0.000839761 
0.000118306 
4.26326e-05 
0.000291998 
0.000412341 
0.001191  
0.00101533  
0.000422444 
0.000268945 
0.00142178  
0.00109752  
0.000492455 
0.000236924 
0.000614094 
0.00033045  
0.000777489 
0.000247896 
0.000220904 
0.00122592  
0.000196795 
0.000943379 
0.000727987 
0.00494254  
0.00190289  
0.000978637 
3.34041e-05 
6.42168e-05 
9.53599e-05 
3.6796e-05  
0.000830186 
0.000179053 
8.40409e-05 
0.000156835 
0.000380795 
0.000915971 
9.82748e-05 
5.10705e-05 
0.00012202  
9.17327e-05 
0.000180249 
2.84197e-05 
0.00117 
3.42715e-05 
7.30296e-05 
0.000134441 
6.85945e-05 
5.2977e-05  
8.25304e-05 
0.00096575  
0.000156429 
2.8186e-05  
0.000271389 
0.000260025 
0.000381176 
0.00130444  
0.000344303 
0.00147628  
0.000498359 
0.000320417 
0.000357183 
0.000101251 
0.000628193 
0.000149835 
0.000100154 
0.000141481 
4.4016e-05  
5.89613e-05 
0.000111861 
4.50084e-05 
6.02256e-05 
0.000194744 
0.00150848  
0.000223462 
0.000180242 
8.81458e-05 
0.000107907 
0.000107725 
0.000899954 
0.00126203  
0.000311598 
9.35685e-05 
8.40935e-05 
0.000106562 
0.000359959 
5.06824e-05 
3.11331e-05 
0.000183135 
5.4505e-05  
8.91397e-05 
0.000236494 
8.76676e-05 
4.61133e-05 
9.43239e-05 
0.000115085 
0.000244751 
3.76127e-05 
0.000683375 
3.18554e-05 
0.000314519 
0.000133738 
0.000283462 
0.000121375 
0.00019748  
0.000237903 
0.00028788  
0.000242436 
0.000804133 
0.000780037 
0.000587156 
6.8228e-05  
0.000470919 
0.000601535 
8.66114e-05 
0.000429011 
6.07631e-05 
9.87024e-05 
0.00192373  
0.000118428 
8.28418e-05 
0.00027511  
0.000171317 
4.63753e-05 
4.02902e-05 
0.00213669  
0.000155984 
8.7678e-05  
8.44066e-05 
7.2701e-05  
3.91792e-05 
4.76424e-05 
7.14245e-05 
5.80323e-05 
0.000149487 
5.65927e-05 
9.74493e-05 
4.72079e-05 
6.12494e-05 
0.000262205 
5.18867e-05 
4.15426e-05 
0.000500727 
7.95868e-05 
4.3678e-05  
4.41054e-05 
0.00016532  
8.70155e-05 
0.000156892 
0.000188645 
0.000353737 
0.000994177 
0.00012523  
3.49256e-05 
0.000136007 
0.000253543 
0.000144502 
9.39408e-05 
0.000136397 
0.000227246 
0.000221073 
0.000160048 
0.000148355 
7.42968e-05 
0.000321576 
8.03018e-05 
0.000382358 
0.000126847 
9.06091e-05 
0.00010825  
0.00046259  
0.000142776 
0.000115027 
4.13604e-05 
9.99516e-05 
3.81802e-05 
5.62827e-05 
0.000481229 
0.000406293 
0.000172997 
6.20023e-05 
0.000125472 
8.49043e-05 
0.000136618 
0.000215945 
0.000143016 
0.00012146  
0.000316251 
0.000113108 
0.000150075 
5.43705e-05 
4.33612e-05 
0.000770584 
5.15799e-05 
0.000110591 
0.000225879 
0.000182046 
0.00017695  
0.000272203 
5.72259e-05 
0.000162835 
0.00155726  
0.000136841 
0.000155939 
0.0006614 
0.000404815 
0.000255328 
0.000108587 
9.46737e-05 
3.14451e-05 
0.000165159 
0.000404711 
0.000152599 
5.83733e-05 
4.68379e-05 
3.98893e-05 
0.000207751 
0.00066999  
0.000110606 
0.000224278 
0.000438521 
0.000222245 
0.00020665  
0.000227312 
0.000146974 
5.11488e-05 
0.00046292  
0.000230559 
0.000146609 
7.7337e-05  
0.000548315 
0.00329603  
0.000230297 
8.54029e-05 
4.92706e-05 
7.17711e-05 
6.89394e-05 
4.25159e-05 
4.15967e-05 
0.000122964 
0.000204013 
0.00033863  
0.000105471 
8.00038e-05 
0.000118398 
6.91879e-05 
0.000333075 
0.000192026 
0.00272717  
0.000727427 
0.000416464 
0.000692028 
0.000133484 
0.000700891 
0.000925925 
0.000953463 
0.000243543 
0.00316634  
0.000437687 
0.000810221 
0.00282076  
0.00382594  
0.00106866  
0.00070223  
0.00267066  
0.00273191  
8.10316e-05 
5.75364e-05 
3.92259e-05 
2.9888e-05  
3.29287e-05 
9.39643e-05 
0.000121682 
4.13065e-05 
0.000690521 
0.00167077  
0.00014091  
0.000515342 
0.000241078 
0.000461374 
0.000125771 
0.000288251 
0.000217774 
0.000220837 
0.000265127 
8.00002e-05 
6.69261e-05 
8.29337e-05 
4.76691e-05 
5.18801e-05 
6.08142e-05 
6.09358e-05 
5.534e-05 
4.01372e-05 
4.30021e-05 
2.96226e-05 
3.60014e-05 
0.000141853 
3.20811e-05 
3.2795e-05  
0.00049368  
8.53246e-05 
3.7154e-05  
0.000394973 
0.000130793 
0.00133431  
0.000816634 
6.31609e-05 
0.00102671  
0.000264132 
0.00131979  
0.00022397  
8.77308e-05 
0.000116242 
9.37532e-05 
0.000168716 
0.000164382 
7.9558e-05  
0.000117658 
6.92768e-05 
8.05595e-05 
0.000154254 
0.00023683  
5.48094e-05 
0.000220353 
0.000538782 
7.48135e-05 
0.000535436 
0.00030419  
0.000490437 
0.000205933 
4.55912e-05 
0.000267733 
5.06778e-05 
5.59835e-05 
4.31468e-05 
0.00102726  
0.000270717 
0.000766441 
0.000191198 
7.94788e-05 
0.000151098 
0.000518462 
6.50992e-05 
0.00015676  
0.000491246 
0.00179635  
0.000101384 
0.000122404 
0.000167421 
0.000125643 
5.54397e-05 
0.000154087 
0.000166261 
7.33739e-05 
4.63486e-05 
0.000661608 
0.00101006  
0.0044687 
0.00106622  
0.000130869 
0.00200658  
7.85729e-05 
0.000388756 
0.000444331 
0.000770919 
0.000543888 
7.2907e-05  
0.000339394 
5.39699e-05 
9.1966e-05  
0.000105917 
0.00012421  
0.000145535 
0.000530492 
9.82967e-05 
0.000313582 
8.74082e-05 
0.000288673 
0.000146017 
6.62912e-05 
0.003557  
0.000753428 
0.000103985 
0.000312748 
0.000169712 
6.36823e-05 
0.00076089  
0.00036398  
0.000163657 
0.00573528  
4.9595e-05  
0.0003789 
0.014121  
7.18591e-05 
6.77579e-05 
4.42662e-05 
6.15946e-05 
0.000576802 
0.0064274 
0.000170542 
0.000157276 
0.00504245  
0.000115553 
0.00033369  
0.0022466 
0.000695136 
0.000208515 
0.000348718 
0.000247006 
0.000245397 
0.00192889  
0.000871728 
4.18421e-05 
3.11589e-05 
0.000967541 
0.000284221 
0.000691578 
0.000285321 
0.000228682 
0.000141126 
0.00436794  
0.000303178 
6.85272e-05 
0.00021574  
0.000805057 
0.000155731 
0.000900076 
0.000705601 
0.00054256  
7.57195e-05 
5.32831e-05 
0.000638829 
0.000139514 
0.000167703 
0.00418369  
0.00314049  
0.00200344  
7.7335e-05  
0.000745507 
0.000124356 
9.38821e-05 
3.35835e-05 
0.000899639 
0.000144252 
0.000299959 
0.000292967 
3.5674e-05  
0.00127884  
0.000161601 
0.000478635 
0.00154925  
0.000149816 
0.000584384 
0.000121558 
0.000560475 
0.00018117  
0.000426413 
7.28947e-05 
0.000179498 
0.000212256 
6.70545e-05 
0.000176469 
0.000427064 
0.000967075 
9.73844e-05 
0.000542898 
0.000454719 
0.000101283 
0.000167719 
0.00100275  
0.000131167 
9.23589e-05 
5.2638e-05  
0.000210777 
7.84044e-05 
0.005202  
0.00811204  
0.000455922 
0.000154802 
0.0220049 
6.72265e-05 
2.73974e-05 
5.79919e-05 
0.000161768 
0.00171846  
0.00681652  
0.000170582 
0.000136893 
0.00035369  
4.65794e-05 
0.000121642 
0.00695441  
0.000131395 
3.12373e-05 
2.82515e-05 
0.0133482 
2.95159e-05 
0.000112497 
0.00119934  
0.000239755 
5.63436e-05 
0.000137463 
0.015462  
0.000892777 
0.000205876 
0.00113081  
8.58342e-05 
4.63096e-05 
0.00109076  
0.000278052 
8.72091e-05 
0.000199317 
5.54212e-05 
0.000197329 
0.000618209 
3.97601e-05 
0.00054475  
3.02962e-05 
0.000619812 
4.50154e-05 
0.000222372 
5.27195e-05 
3.6822e-05  
0.000244585 
0.000261269 
0.000574507 
9.8124e-05  
0.000177851 
4.89052e-05 
0.000132045 
0.000268945 
0.000234485 
4.44096e-05 
0.000599674 
0.00186737  
0.000211538 
0.00032973  
0.00689206  
0.000561561 
0.000495657 
0.000121796 
6.69978e-05 
0.000376186 
0.000115586 
0.000104677 
0.00575863  
0.00145493  
0.00102796  
7.74856e-05 
0.000106135 
0.000715107 
0.000704304 
0.0014774 
0.000114936 
0.00862049  
0.000288176 
0.000570008 
0.00889715  
9.86769e-05 
8.97788e-05 
0.000393937 
0.00027201  
0.00176828  
0.000305257 
0.00107534  
0.00695953  
0.0015259 
0.000566667 
0.000402495 
0.00089623  
0.000192317 
3.0465e-05  
0.00166784  
3.24468e-05 
0.000233999 
0.000267063 
0.000720515 
0.000254059 
0.00704916  
0.00124828  
4.55074e-05 
0.00034643  
0.00107828  
0.000145595 
0.000393631 
0.000293814 
0.00145588  
0.000170768 
8.87884e-05 
0.00040518  
0.00291996  
0.000214933 
0.0013211 
0.000661135 
0.000157664 
7.59062e-05 
0.000685815 
0.000595708 
0.000181144 
0.000145385 
0.000246119 
0.00142164  
4.57207e-05 
0.000161074 
0.00329839  
0.000492763 
0.000112296 
4.55061e-05 
0.000893725 
3.89979e-05 
0.00132776  
0.0001501 
9.00631e-05 
9.16683e-05 
0.000192865 
0.0426666 
0.000274498 
0.000115304 
9.97007e-05 
0.000379567 
0.000544143 
4.4731e-05  
4.93903e-05 
0.00135975  
0.000171935 
0.000310925 
0.000363912 
0.000494158 
8.00548e-05 
9.63369e-05 
0.00017192  
5.26054e-05 
0.000227749 
9.7351e-05  
0.00272602  
0.000642941 
0.000102223 
9.70803e-05 
0.00144216  
0.000132334 
4.1815e-05  
0.00200807  
0.000507502 
0.000664953 
6.74657e-05 
0.000161349 
0.0043304 
0.000204638 
7.76369e-05 
0.00113766  
0.000286697 
2.80752e-05 
0.00054631  
0.000234104 
9.43915e-05 
0.00223283  
0.000223032 
0.000355731 
0.00211999  
0.000119961 
0.000654937 
3.70353e-05 
0.00117932  
4.2303e-05  
0.00059738  
0.00026027  
0.000599308 
0.00223659  
0.00126637  
0.000155205 
7.85694e-05 
0.00043249  
8.95969e-05 
0.00020197  
0.00328093  
0.000355588 
4.9875e-05  
0.000626431 
9.48754e-05 
0.000296122 
5.27608e-05 
0.00512878  
0.00011994  
0.000520309 
0.000220477 
3.34673e-05 
0.000278966 
0.00405884  
0.000216732 
0.000296674 
0.000316909 
7.33271e-05 
0.000998319 
6.83978e-05 
0.001175  
0.00212121  
0.00351019  
0.000510635 
0.00101236  
0.00142197  
0.00122653  
9.17894e-05 
0.000498895 
3.72635e-05 
0.000267137 
0.000124508 
0.000241937 
0.000356824 
0.000193193 
0.000800913 
0.000451473 
0.000142483 
4.06627e-05 
0.000587971 
0.000144663 
0.00070956  
0.000293868 
0.000425698 
0.00183083  
0.00112831  
0.000242499 
0.00485937  
0.000127551 
0.000152679 
0.000472345 
7.62146e-05 
5.58933e-05 
0.000626064 
0.0042129 
0.00154426  
0.00116249  
0.000167872 
0.000189941 
0.000758387 
0.000139272 
0.000602151 
0.000315041 
0.00149471  
0.000180831 
0.00267835  
0.0801891 
9.81672e-05 
0.00137228  
0.000678027 
0.000679714 
0.00224574  
0.000141322 
4.09205e-05 
0.000114941 
0.000252918 
0.000853213 
0.000177936 
0.000852741 
0.000190642 
0.000107029 
0.00029652  
0.000136232 
0.00333412  
0.000127826 
0.00044357  
0.000315693 
0.00167708  
0.000119673 
5.2041e-05  
0.00854735  
0.000246256 
3.25157e-05 
6.04271e-05 
0.000122106 
0.000363048 
0.0147964 
0.000155532 
0.000412864 
8.27607e-05 
0.00747946  
8.01094e-05 
0.000339038 
0.0007814 
3.84246e-05 
8.84969e-05 
0.000804963 
7.75103e-05 
0.000145437 
0.000505774 
0.000475548 
7.79806e-05 
0.000317736 
0.0012664 
0.00025266  
0.000235857 
0.00461266  
0.000931541 
0.000602306 
3.24662e-05 
0.00025664  
0.000231846 
0.000159257 
0.00511269  
0.00160797  
0.000109179 
0.00362828  
0.000534773 
2.79365e-05 
0.000449971 
0.00109867  
7.21102e-05 
6.60647e-05 
0.00213437  
0.000882464 
6.42179e-05 
6.59437e-05 
3.08221e-05 
0.000404296 
0.000125919 
0.00402098  
0.000630916 
0.000294439 
5.50098e-05 
0.000763537 
0.000181231 
2.72265e-05 
5.8226e-05  
0.000502393 
8.2206e-05  
0.000167111 
0.00195982  
0.000107998 
0.000326667 
0.00322292  
0.000493857 
0.00444221  
0.0143621 
0.000328045 
0.000509312 
0.000168082 
0.000141536 
8.99069e-05 
0.000144327 
0.00870847  
0.00201631  
0.00101567  
0.000108002 
0.0057429 
0.000483364 
0.00178478  
0.000199675 
6.99892e-05 
5.99617e-05 
0.000334902 
4.32347e-05 
0.15179 
0.0256636 
0.00706396  
0.00013364  
0.000687053 
0.000115354 
0.000260809 
0.00398819  
0.000817069 
0.000107  
2.85931e-05 
0.000101031 
0.000933279 
7.28946e-05 
0.00145372  
0.000161632 
0.00137209  
0.00461716  
0.00335045  
0.000101229 
2.97721e-05 
0.000396352 
3.63589e-05 
3.92698e-05 
0.000111438 
0.000718744 
0.000181471 
7.38698e-05 
0.000126539 
3.70109e-05 
0.000160454 
0.000120094 
0.000483863 
0.000905042 
0.000302606 
0.000295202 
6.71494e-05 
0.000102103 
9.66654e-05 
0.000166274 
8.32192e-05 
0.000185322 
0.00021999  
0.00026019  
0.000345083 
0.000304219 
0.000252382 
0.00172843  
9.7265e-05  
0.000899254 
0.00017418  
0.00139916  
0.000199196 
0.00012861  
0.000213661 
4.05907e-05 
4.01882e-05 
9.39205e-05 
9.37204e-05 
0.000104811 
0.000169485 
3.25552e-05 
0.000464109 
0.000155253 
0.00240942  
9.19404e-05 
8.45391e-05 
0.00223046  
0.00018986  
0.00152351  
5.73655e-05 
0.0056674 
0.000266636 
0.00200593  
0.00103179  
0.000135424 
9.3956e-05  
0.000387606 
0.000624687 
0.000350753 
0.000586188 
0.00129653  
7.37272e-05 
0.00108031  
8.12722e-05 
0.000137794 
0.000128072 
0.000263836 
0.000171794 
2.79471e-05 
3.29153e-05 
5.38446e-05 
0.00014997  
5.24396e-05 
0.000781799 
0.00125085  