0.000115137 
0.000506187 
5.78907e-05 
0.000116807 
0.000289496 
0.000407881 
5.0253e-05  
0.000109231 
4.4472e-05  
0.000581959 
0.00155996  
0.000217171 
0.000184528 
0.000153294 
0.000165313 
0.000109965 
0.000379811 
8.73981e-05 
0.00012831  
0.000153539 
0.000129334 
0.00193282  
0.000341575 
0.000531378 
9.82844e-05 
0.000245656 
0.000510289 
0.000308692 
0.000371073 
0.000167668 
5.50526e-05 
0.000169917 
0.000247029 
0.000105155 
0.000331188 
7.37222e-05 
0.000222319 
4.96443e-05 
0.00122323  
7.27045e-05 
0.000183837 
0.000226845 
0.000496701 
0.000789729 
0.000208815 
0.000329636 
0.000147899 
0.00100826  
5.76832e-05 
7.93779e-05 
0.000117962 
0.000328431 
0.000400529 
0.000181536 
0.000194036 
8.08321e-05 
9.65834e-05 
9.19461e-05 
0.000126768 
0.00191637  
0.000248236 
0.000105308 
0.000515662 
0.000943205 
0.000714716 
0.000432448 
0.000508231 
0.000127851 
0.000715395 
0.000282603 
0.000371241 
0.00129217  
0.000301085 
0.0034146 
0.000138093 
0.00078553  
0.000158237 
0.000257608 
0.00636388  
0.000996261 
0.00203658  
0.000257875 
0.000167383 
0.000734526 
7.88254e-05 
0.000175327 
0.000231769 
0.000232409 
0.00018578  
0.000198165 
9.66714e-05 
0.000728556 
0.00164341  
8.57975e-05 
0.000176466 
0.000570776 
0.000169704 
3.04715e-05 
0.000595007 
0.000263399 
0.000185655 
0.000149866 
0.000157115 
0.0015574 
8.08427e-05 
1.47731e-05 
3.79552e-05 
0.000218989 
0.000168489 
0.000204523 
0.000356185 
0.0145669 
0.000730704 
0.000570318 
0.000411584 
0.000100059 
0.000241665 
0.00160278  
9.83123e-05 
0.000194817 
0.000290307 
0.000181694 
0.000299359 
6.50275e-05 
0.0001412 
0.000172566 
0.00260922  
0.000288257 
0.00131823  
0.000303388 
0.000122965 
0.000195331 
0.000287345 
0.000284846 
0.000229604 
0.000461225 
0.000118049 
0.000119727 
0.000334512 
0.000156386 
0.000257041 
0.000338039 
0.000434426 
0.000216599 
0.000188469 
0.000179706 
0.000712957 
0.000964046 
0.000181096 
0.00049873  
0.000195681 
0.000376867 
0.000951461 
0.000315425 
0.000467418 
0.000183126 
0.000255432 
0.000248917 
0.00053084  
0.000321249 
0.000350196 
0.000197315 
0.000190934 
0.000661002 
0.00046396  
0.000402935 
0.000565027 
0.000610096 
0.000412105 
0.000366758 
0.000217222 
0.000314032 
0.000323632 
0.000438995 
0.000195302 
0.000505154 
0.00018732  
0.000328355 
0.000300069 
0.000101291 
0.000115044 
0.00026135  
0.000131878 
0.000591046 
0.000210982 
0.000483141 
0.000160973 
0.000339993 
0.000862248 
0.000420104 
0.00116223  
0.000287998 
8.00076e-05 
0.000197176 
0.00048537  
0.00052746  
0.000104566 
0.000113486 
0.000140584 
0.000224595 
0.000103434 
7.62376e-05 
0.000333829 
0.000221533 
0.000167589 
8.46932e-05 
0.000365616 
0.000317833 
0.000203349 
0.000166196 
0.000539328 
0.000275881 
0.000148883 
0.000120255 
0.000132042 
0.000217229 
0.000332788 
7.33758e-05 
9.27635e-05 
7.23801e-05 
0.000272647 
0.000316169 
0.00023256  
0.000246878 
0.000170291 
0.000225574 
0.000126339 
0.000129949 
0.000402606 
0.000328942 
7.69628e-05 
0.00010505  
0.000218449 
0.000186954 
0.000110573 
0.000290442 
0.000376832 
0.000146554 
0.000179899 
0.000141492 
0.000152069 
0.000294552 
0.000177691 
0.000129908 
5.23053e-05 
0.000230107 
0.000265293 
0.000233536 
0.000201638 
0.000200844 
0.000183101 
0.000262498 
0.000492958 
0.000230115 
0.000350767 
6.65607e-05 
0.000144656 
0.000167749 
0.000237396 
0.000193651 
9.39856e-05 
0.000227135 
0.000863435 
0.000267179 
0.000276917 
0.000152719 
0.000133693 
0.000152641 
0.000355316 
0.000190035 
0.000282934 
0.000178154 
0.000298239 
0.000468362 
0.000298819 
0.000457371 
0.00034096  
0.000521002 
0.000193704 
0.000383572 
0.000372538 
0.000452241 
0.000342951 
0.000734499 
0.000588626 
0.000570607 
5.38903e-05 
0.000124263 
0.00015994  
7.99579e-05 
0.000122781 
8.9398e-05  
0.000187077 
0.000687241 
0.000200602 
6.68665e-05 
0.000387114 
0.000212639 
0.000525094 
0.000852788 
0.000184234 
0.000989867 
0.00110275  
0.000709219 
0.000282615 
0.000202652 
0.000512414 
0.000772015 
0.000426724 
0.000278743 
0.00260561  
0.000312093 
0.000534369 
0.000308297 
0.00168246  
0.000276795 
0.000340749 
0.000323232 
0.00214973  
0.000874195 
0.000501534 
9.20912e-05 
0.000100008 
0.000272136 
0.000123688 
0.000115601 
0.000265263 
0.000295595 
0.000310776 
0.00011219  
0.000238389 
0.000425424 
0.000190205 
0.000112455 
0.000248279 
0.000216147 
0.000226734 
0.000384073 
0.000132057 
0.000222032 
0.000166826 
0.000186886 
0.000106108 
5.42939e-05 
6.85375e-05 
0.000271094 
6.81723e-05 
8.89728e-05 
4.69399e-05 
0.000131781 
0.00031481  
0.000619976 
0.000216666 
0.000667367 
0.00124718  
0.000116256 
0.000648973 
0.000567961 
0.000832624 
0.000657568 
0.000261198 
0.000500191 
0.000337265 
0.000124036 
0.000305619 
0.000102206 
5.20359e-05 
0.000158671 
0.000220975 
0.000137086 
0.000150748 
0.000411475 
0.000127485 
0.000228895 
0.000492265 
0.000170658 
0.000313599 
0.000221775 
0.00024087  
7.05482e-05 
0.00024569  
0.000169314 
0.00013484  
0.000194939 
0.000245165 
0.000399201 
0.000144092 
0.000105302 
7.82048e-05 
0.000374578 
0.000236225 
0.000135632 
0.000659622 
5.33608e-05 
0.000128852 
0.000392244 
2.64173e-05 
0.000137458 
0.000405445 
0.00453571  
0.00100042  
0.000275882 
0.0018981 
0.000512244 
0.00160592  
0.00287545  
0.000111482 
0.00010905  
0.000121938 
0.00411631  
7.94159e-05 
0.000394022 
0.000793176 
0.00378668  
0.000164996 
4.95804e-05 
0.00499368  
0.000865833 
0.0129924 
0.00269681  
0.000481961 
0.000807384 
0.000354006 
0.000632006 
0.000122877 
0.000270504 
0.00090852  
0.000542064 
0.000241818 
0.000791372 
0.000444124 
0.000346577 
0.00598596  
0.000495139 
0.000392025 
0.000481617 
0.000166913 
0.000655562 
0.00224674  
0.000582323 
0.000931394 
0.000662128 
0.000392389 

0.000556776 
0.000267322 
0.000278554 
0.00427567  
0.000686023 
0.000247307 
0.000393238 
0.000193627 
0.00646559  
0.000143332 
0.000347705 
4.17096e-05 
0.00074166  
0.00149088  
0.000500108 
0.000107154 
0.000930181 
0.000252816 
0.000676548 
0.00400004  
0.0007002 
0.00255662  
0.00241567  
0.000162662 
3.68105e-05 
0.000171689 
0.000678968 
0.00191168  
0.000316297 
0.000233918 
0.0109186 
0.000104429 
0.000193201 
5.82337e-05 
0.000297701 
0.00113395  
0.000289531 
0.000450914 
0.00100675  
0.000913866 
0.000149771 
0.000479437 
0.000597725 
0.000703453 
0.00120102  
0.0027284 
0.000115916 
0.00119709  
0.00324064  
0.000590263 
0.00154596  
0.00356611  
0.000239708 
0.000400846 
0.000105602 
0.000166276 
0.0298921 
0.000134657 
0.00063076  
0.00150364  
0.00469458  
0.00072985  
0.000612438 
0.000739158 
0.00291699  
0.000584578 
5.75822e-05 
0.00101913  
0.000149731 
0.00506297  
0.00109013  
0.00102148  
0.000429971 
0.000817742 
0.000942262 
0.00031394  
0.000839861 
0.000311874 
0.000586111 
0.00120891  
0.000589485 
0.000362487 
5.63389e-05 
0.000343808 
0.00106246  
0.000434562 
0.000716244 
0.00360509  
0.00205744  
0.000810581 
0.000466554 
0.00763578  
0.000167916 
0.000164658 
0.000170333 
0.000322948 
0.00052873  
0.00470312  
0.00101927  
0.00311594  
0.00111943  
0.000265125 
0.00164747  
0.000803603 
3.64978e-05 
0.000291988 
0.00715883  
0.000353803 
0.00315361  
0.000526599 
0.00205054  
0.00036722  
8.40196e-05 
0.00209633  
0.000482488 
0.00143474  
0.00408648  
0.000226684 
0.000207031 
0.000238904 
0.00105064  
8.60427e-05 
0.000164341 
0.000544499 
0.0033174 
0.00014655  
5.51018e-05 
0.00065563  
0.000133987 
0.0007173 
0.000105773 
0.00163812  
7.26604e-05 
0.000487004 
0.00196532  
0.000819192 
0.000230599 
8.87489e-05 
5.53053e-05 
8.36559e-05 
0.00435339  
0.00826049  
0.00595149  
0.000312236 
0.00353832  
0.00101979  
0.00161834  
0.00102994  
0.000997195 
0.000780882 
0.00295809  
0.000299044 
0.00021694  
0.00689937  
0.00045108  
0.000579369 
0.00149837  
0.00802801  
0.00190144  
0.0023054 
6.05102e-05 
0.00537003  
0.000555676 
0.00324332  
0.000280471 
0.000625979 
8.47131e-05 
0.000865781 
0.000392404 
0.000274506 
0.000688371 
0.000262273 
0.00307953  
0.00179878  
0.00086493  
0.00136689  
0.00307159  
0.00100137  
0.000175372 
0.00104752  
0.0198473 
0.0001145 
0.00021219  
0.00381957  
0.000213112 
0.000360557 
0.00393096  
0.00193585  
0.00456923  
0.00250899  
0.00250761  
0.000105952 
0.00164132  
0.000828293 
0.000139317 
0.000242961 
0.000635262 
0.000112982 
0.0059363 
0.000428649 
0.00054521  
0.00767732  
0.000192229 
0.00104662  
0.00234636  
0.000714219 
0.000552582 
0.00274357  
0.00126881  
0.00031618  
0.00212266  
9.25194e-05 
0.00024116  
0.000136931 
0.000943877 
0.000141099 
0.00096966  
0.000312799 
3.12028e-05 
0.00214828  
0.000291978 
0.000447312 
0.00017259  
0.00247366  
0.00103438  
0.000105284 
0.000110288 
0.000227907 
0.000128411 
0.000700174 
0.000821625 
0.0026021 
0.000188061 
0.00261084  
0.0115625 
0.00125965  
0.000371778 
0.00509156  
0.00149549  
0.000414474 
0.0113023 
0.00354029  
9.30459e-05 
0.00311277  
0.000159372 
0.000487926 
0.000995154 
7.8832e-05  
0.000443397 
0.000736263 
0.00125756  
0.000199321 
0.000739384 
0.0060397 
0.000335391 
0.000208205 
0.00543487  
0.00205099  
0.00279867  
0.00284882  
0.000163791 
0.00014515  
0.000130751 
0.00014524  
0.00031997  
0.00499739  
0.000131338 
0.00106042  
0.00129294  
0.00198267  
0.0013382 
0.00457333  
0.00104197  
0.000177401 
7.20665e-05 
0.000695548 
0.00118579  
0.00316173  
8.42464e-05 
0.00215785  
0.000666381 
0.00114109  
0.000435222 
0.00407432  
0.000503154 
0.00134875  
0.00264342  
0.000219505 
0.00951938  
0.000160174 
0.00198178  
2.82731e-05 
0.000129468 
0.000867992 
0.00086432  
0.000365737 
0.000540487 
0.00133283  
0.000991063 
0.000734754 
0.000398933 
0.00357028  
0.00100799  
0.00230309  
0.00235982  
0.000261531 
0.00394727  
0.00055002  
0.000124763 
0.000653763 
0.00336047  
0.000988692 
0.000356439 
7.85803e-05 
6.58965e-05 
0.00396442  
0.00103446  
0.00163604  
0.00166957  
0.000106603 
0.00548208  
0.00143422  
0.00120175  
0.000496746 
0.00344528  
0.00015655  
0.00775212  
0.000442975 
0.00194458  
0.00364353  
0.000471827 
0.000803919 
0.000443313 
0.00081283  
0.00252662  
0.000617944 
0.000225158 
0.00102524  
0.000721207 
0.00134359  
0.0082739 
0.00472489  
0.000141702 
0.000155053 
0.000371914 
0.00014698  
0.00370918  
0.000395251 
0.000338532 
0.00100792  
0.000577328 
0.0007801 
0.00480894  
0.000496007 
0.000574751 
0.00270022  
0.000442849 
0.000150379 
0.000737239 
0.000280165 
0.00024419  
0.00303748  
0.000604722 
0.000518186 
0.000462907 
0.000380048 
0.00033936  
0.00101889  
0.00359496  
0.00432498  
0.011771  
0.000647687 
0.000274878 
0.000117994 
0.000261165 
0.00362948  
0.000151145 
5.62452e-05 
0.000607582 
0.000396881 
0.00141142  
0.000212369 
0.00021687  
0.00255259  
0.000542237 
0.00146847  
3.59927e-05 
0.00141089  
0.00388547  
0.00013784  
0.000459711 
0.00141985  
0.000218963 
0.00254252  
0.000856055 
0.00530876  
0.000204009 
0.00162686  
0.000656986 
0.00067433  
0.000130185 
0.00650981  
0.00243105  
0.00940867  
0.000182365 
0.000433672 
0.000244761 
0.000135547 
0.00164037  
0.00252485  
0.000183045 
0.00422801  
0.00163143  
0.000677718 
0.000547471 
0.000398272 
0.00077137  
0.00137616  
0.00403643  
0.00153072  
0.000256133 
8.78265e-05 
0.000117289 
0.000195273 
0.000374083 
0.000438913 
0.00116467  
0.000228473 
0.000288504 
0.00269621  
0.000243065 
2.80609e-05 
0.000922855 
0.000352566 
0.000496585 
0.000665451 
0.000639164 
0.000450263 
0.00102219  
0.000727904 
0.00232649  
0.000134878 
0.0102678 
0.000211409 
0.000210508 
0.000206409 
0.000675397 
0.00036729  
0.000873203 
0.0126953 
0.000726115 
0.00146448  
0.00151031  
0.00122244  
0.000762542 
0.00182824  
0.0014223 
0.000365954 
0.00357903  
0.00682152  
0.000566894 
0.000583896 
0.0017318 
0.0040448 
0.00102122  
0.000653806 
0.0012208 
0.00117529  
0.000748178 
0.000328476 
0.000685704 
0.000520898 
9.86515e-05 
0.00164164  
0.00018736  
0.000232551 
0.000422031 
0.000379738 
0.00105722  
0.000307307 
0.000560555 
6.7126e-05  
0.0018358 
0.00047106  
0.000205931 
9.61844e-05 
0.00031357  
0.000967936 
0.000143606 
0.000285602 
8.70048e-05 
0.000206177 
0.000177827 
0.000784314 
0.000492727 
0.000577722 
0.000199697 
0.0018066 
0.000225066 
0.00056021  
0.000433651 
0.000208645 
0.000921236 
0.000498335 
0.000144372 
0.00102782  
0.000774544 
0.000367167 
0.000889665 
0.000408675 
0.000186579 
0.000658046 
0.00011683  
0.000278813 
0.000299649 
0.000323781 
0.000352121 
0.00110309  
0.000313453 
0.000146069 
4.87141e-05 
0.00029135  
5.84262e-05 
0.00167354  
0.000459645 
0.00135034  
0.00252009  
0.000232241 
0.000486715 
0.000236074 
0.000152917 
0.000606837 
0.00055881  
0.000901587 
0.00160418  
0.00159089  
0.000191409 
0.00064581  
0.000675049 
0.000302568 
0.000148431 
0.000891573 
0.000415428 
6.45318e-05 
0.00056753  
0.000344758 
0.000328983 
0.000996169 
0.000137526 
5.85124e-05 
0.000124124 
0.000139008 
0.000285871 
0.000372456 
5.5157e-05  
0.000720912 
0.000686899 