prefill 3
prev_token token mem(MB)
0 18 3025.33
117 14 3068.9
236 18 3165.78
decode 338
prev_token mem(MB)
19 3027.16
20 3027.18
21 3027.18
22 3027.18
23 3027.18
24 3027.18
25 3030.27
26 3030.33
27 3030.33
28 3030.33
29 3030.29
30 3030.29
31 3030.29
32 3030.24
33 3033.5
34 3033.45
35 3033.39
36 3033.34
37 3033.29
38 3033.43
39 3033.58
40 3033.52
41 3036.41
42 3036.56
43 3036.49
44 3036.64
45 3036.79
46 3036.71
47 3036.64
48 3036.56
49 3039.59
50 3039.51
51 3039.89
52 3039.8
53 3039.73
54 3039.64
55 3039.77
56 3039.68
57 3042.96
58 3042.88
59 3042.79
60 3042.9
61 3042.81
62 3042.93
63 3042.83
64 3042.93
65 3046.16
66 3046.34
67 3046.25
68 3046.21
69 3046.11
70 3046.34
71 3046.3
72 3046.2
73 3049.17
74 3049.06
75 3049.16
76 3049.47
77 3049.39
78 3049.27
79 3049.48
80 3049.48
81 3049.48
82 3049.48
83 3049.48
84 3049.5
85 3049.42
86 3049.36
87 3049.23
88 3049.25
89 3080.53
90 3080.76
91 3080.66
92 3080.6
93 3080.45
94 3080.46
95 3080.32
96 3080.18
97 3083.52
98 3083.38
99 3083.63
100 3083.7
101 3083.55
102 3083.39
103 3083.65
104 3083.71
105 3086.73
106 3086.82
107 3086.65
108 3086.68
109 3086.91
110 3086.74
111 3086.57
112 3086.61
113 3089.92
114 3089.75
115 3089.81
116 3089.88
117 3089.89
132 3068.8
133 3068.59
134 3068.65
135 3068.87
136 3068.66
137 3071.97
138 3071.76
139 3071.77
140 3072.03
141 3071.82
142 3071.82
143 3071.82
144 3071.86
145 3071.89
146 3071.9
147 3071.94
148 3071.93
149 3071.94
150 3071.93
151 3071.92
152 3071.92
153 3103.17
154 3103.15
155 3102.92
156 3103.12
157 3103.08
158 3103.25
159 3103.21
160 3102.97
161 3106.21
162 3106.41
163 3106.16
164 3106.31
165 3106.28
166 3106.43
167 3106.18
168 3106.34
169 3109.27
170 3109.46
171 3109.41
172 3109.57
173 3109.5
174 3109.46
175 3109.38
176 3109.33
177 3112.36
178 3112.55
179 3112.52
180 3112.46
181 3112.6
182 3112.33
183 3112.7
184 3112.42
185 3115.65
186 3115.81
187 3115.75
188 3115.48
189 3115.82
190 3115.54
191 3115.86
192 3115.58
193 3118.76
194 3118.68
195 3118.83
196 3118.75
197 3118.9
198 3118.81
199 3118.93
200 3118.84
201 3122.13
202 3122.21
203 3121.91
204 3122.17
205 3121.87
206 3122.17
207 3121.86
208 3122.15
209 3121.86
210 3122.15
211 3121.83
212 3122.12
213 3122.01
214 3122.04
215 3122.11
216 3121.98
217 3153.37
218 3153.36
219 3153.24
220 3153.07
221 3153.21
222 3153.11
223 3153.25
224 3153.15
225 3156.34
226 3156.44
227 3156.66
228 3156.66
229 3156.43
230 3156.67
231 3156.48
232 3156.33
233 3159.57
234 3159.43
235 3159.51
236 3159.36
255 3165.77
256 3165.75
257 3168.81
258 3168.89
259 3168.71
260 3168.91
261 3168.93
262 3168.75
263 3168.96
264 3168.95
265 3172.21
266 3171.82
267 3172.04
268 3172.21
269 3172.01
270 3172.02
271 3172.23
272 3172.02
273 3172.03
274 3172.25
275 3172.04
276 3172.04
277 3172.03
278 3172.22
279 3172.21
280 3172.2
281 3203.33
282 3203.38
283 3203.42
284 3203.23
285 3203.25
286 3203.29
287 3203.31
288 3203.34
289 3206.48
290 3206.52
291 3206.31
292 3206.55
293 3206.34
294 3206.34
295 3206.59
296 3206.37
297 3209.48
298 3209.49
299 3209.66
300 3209.42
301 3209.42
302 3209.65
303 3209.43
304 3209.44
305 3212.53
306 3212.75
307 3212.75
308 3212.54
309 3212.72
310 3212.7
311 3212.67
312 3212.64
313 3215.71
314 3215.91
315 3215.66
316 3215.86
317 3215.83
318 3216.03
319 3215.78
320 3215.76
321 3218.85
322 3219.05
323 3219.01
324 3219.18
325 3218.92
326 3218.89
327 3219.05
328 3219.2
329 3222.23
330 3222.18
331 3222.14
332 3222.07
333 3222.23
334 3222.18
335 3222.1
336 3222.04
337 3222.21
338 3222.17
339 3222.12
340 3222.27
341 3222.14
342 3222.19
343 3222.28
344 3222.16
345 3253.23
346 3253.13
347 3253.2
348 3253.07
349 3253.17
350 3253.25
351 3253.34
352 3253.21
353 3256.25
354 3256.36
355 3256.43
356 3256.07
357 3256.14
358 3256.23
359 3256.29
360 3256.36
361 3259.35
362 3259.44
363 3259.51
364 3259.56
365 3259.64
366 3259.46
367 3259.55
368 3259.37
369 3262.55
370 3262.64
371 3262.68
372 3262.5
373 3262.54
374 3262.61
375 3262.45
376 3262.49
377 3265.67
378 3265.74
379 3265.77
380 3265.79
381 3265.82
382 3265.85
383 3265.67
384 3265.7
385 3268.89
386 3268.92
387 3268.93
388 3268.94
