prefill 3
prev_token token mem(MB)
0 18 2997.28
117 14 3060.54
236 18 3155.21
decode 338
prev_token mem(MB)
19 2999.16
20 2999.16
21 2999.16
22 2999.15
23 2999.15
24 2999.12
25 3005.3
26 3005.45
27 3005.45
28 3005.46
29 3005.41
30 3005.41
31 3005.4
32 3005.35
33 3011.8
34 3011.74
35 3011.69
36 3011.63
37 3011.58
38 3011.52
39 3011.45
40 3011.61
41 3017.77
42 3017.71
43 3017.85
44 3018.2
45 3018.12
46 3018.05
47 3017.98
48 3017.91
49 3024.13
50 3024.49
51 3024.41
52 3024.33
53 3024.25
54 3024.17
55 3024.09
56 3024.2
57 3030.62
58 3030.54
59 3030.45
60 3030.36
61 3030.69
62 3030.79
63 3030.7
64 3030.59
65 3037.23
66 3037.12
67 3037.02
68 3037.12
69 3037.02
70 3037.11
71 3037.2
72 3037.09
73 3043.46
74 3043.56
75 3043.44
76 3043.33
77 3043.21
78 3043.49
79 3043.58
80 3043.46
81 3049.64
82 3049.73
83 3049.81
84 3049.69
85 3049.54
86 3049.8
87 3049.87
88 3049.73
89 3056.11
90 3055.97
91 3055.84
92 3055.93
93 3055.98
94 3056.06
95 3055.91
96 3055.96
97 3062.45
98 3062.3
99 3062.15
100 3062.21
101 3062.48
102 3062.33
103 3062.18
104 3062.21
105 3068.7
106 3068.54
107 3068.57
108 3068.61
109 3068.66
110 3068.5
111 3068.52
112 3068.73
113 3074.96
114 3074.79
115 3075
116 3074.82
117 3074.85
132 3060.4
133 3060.39
134 3060.19
135 3060.57
136 3060.37
137 3066.68
138 3066.68
139 3066.86
140 3066.66
141 3066.63
142 3066.79
143 3066.79
144 3066.57
145 3072.86
146 3072.86
147 3073.04
148 3072.82
149 3073.14
150 3072.92
151 3073.05
152 3073.02
153 3079.16
154 3079.36
155 3079.33
156 3079.1
157 3079.27
158 3079.23
159 3079.39
160 3079.15
161 3085.5
162 3085.48
163 3085.46
164 3085.6
165 3085.54
166 3085.7
167 3085.64
168 3085.39
169 3091.98
170 3091.73
171 3091.84
172 3091.78
173 3091.91
174 3091.84
175 3091.96
176 3091.89
177 3097.97
178 3098.13
179 3098.08
180 3098.21
181 3098.13
182 3098.26
183 3098.16
184 3098.28
185 3104.28
186 3104.61
187 3104.33
188 3104.43
189 3104.35
190 3104.47
191 3104.38
192 3104.47
193 3110.87
194 3110.99
195 3110.9
196 3110.99
197 3110.89
198 3110.98
199 3111.06
200 3110.96
201 3117.29
202 3117.19
203 3117.28
204 3117.17
205 3117.25
206 3117.32
207 3117.21
208 3117.49
209 3123.53
210 3123.66
211 3123.54
212 3123.63
213 3123.48
214 3123.54
215 3123.62
216 3123.51
217 3129.75
218 3129.83
219 3129.91
220 3129.8
221 3130.07
222 3129.92
223 3129.97
224 3129.83
225 3136.05
226 3136.5
227 3136.23
228 3136.24
229 3136.09
230 3136.14
231 3136.18
232 3136.03
233 3142.54
234 3142.62
235 3142.46
236 3142.49
255 3155.12
256 3155.11
257 3161.72
258 3161.98
259 3161.66
260 3161.84
261 3161.65
262 3161.67
263 3161.7
264 3161.7
265 3167.86
266 3168.08
267 3167.88
268 3167.86
269 3168.08
270 3167.89
271 3167.92
272 3168.1
273 3174.5
274 3174.55
275 3174.37
276 3174.12
277 3174.33
278 3174.31
279 3174.09
280 3174.27
281 3180.55
282 3180.55
283 3180.49
284 3180.64
285 3180.61
286 3180.38
287 3180.56
288 3180.72
289 3187.04
290 3187.15
291 3186.84
292 3186.76
293 3186.93
294 3186.67
295 3186.85
296 3186.82
297 3193.09
298 3193.07
299 3193.16
300 3193.09
301 3193.06
302 3193.02
303 3193.18
304 3193.13
305 3199.73
306 3199.73
307 3199.36
308 3199.48
309 3199.42
310 3199.54
311 3199.47
312 3199.41
313 3205.67
314 3205.83
315 3205.76
316 3205.7
317 3205.64
318 3205.59
319 3205.75
320 3205.87
321 3212.14
322 3212.28
323 3212.43
324 3212.57
325 3212.09
326 3212.21
327 3212.34
328 3212.48
329 3218.55
330 3218.69
331 3218.6
332 3218.52
333 3218.65
334 3218.58
335 3218.69
336 3218.6
337 3225.04
338 3224.91
339 3224.82
340 3224.92
341 3224.72
342 3224.79
343 3224.85
344 3224.71
345 3231.36
346 3231.41
347 3231.41
348 3231.09
349 3231.14
350 3230.97
351 3231.02
352 3231.09
353 3237.5
354 3237.14
355 3237.21
356 3237.26
357 3237.34
358 3237.4
359 3237.45
360 3237.48
361 3243.79
362 3243.83
363 3243.67
364 3243.71
365 3243.79
366 3243.61
367 3243.65
368 3243.71
369 3250.05
370 3250.29
371 3249.95
372 3249.96
373 3250
374 3250.05
375 3250.09
376 3250.12
377 3256.32
378 3256.3
379 3256.33
380 3256.34
381 3256.35
382 3256.19
383 3256
384 3256.06
385 3262.93
386 3263.17
387 3262.63
388 3262.66
