prefill 3
prev_token token speed(token/s)
0 18 14.4995
117 14 14.0304
236 18 14.6685
decode 338
prev_token speed(token/s)
19 6.00702
20 6.33621
21 6.34091
22 6.32819
23 6.35191
24 6.33718
25 6.29442
26 6.08339
27 6.12531
28 6.32103
29 6.27612
30 6.29564
31 6.2835
32 6.28425
33 6.23515
34 6.28599
35 6.27368
36 6.27892
37 6.28334
38 6.29061
39 6.28078
40 6.27715
41 6.25234
42 6.27128
43 6.2668
44 6.25665
45 6.26053
46 6.26798
47 6.28713
48 6.25461
49 6.22727
50 6.26724
51 6.26947
52 6.25102
53 6.25172
54 6.25708
55 6.29022
56 6.25884
57 6.20856
58 6.25978
59 6.24727
60 6.23846
61 3.23509
62 2.46445
63 3.81996
64 4.67264
65 4.92543
66 6.06667
67 6.6628
68 6.91214
69 4.3703
70 5.78757
71 6.11763
72 6.20074
73 6.20551
74 6.2429
75 6.12201
76 2.71337
77 6.15767
78 5.94135
79 4.91724
80 5.87403
81 6.16128
82 4.67775
83 6.14666
84 6.21099
85 6.2191
86 6.21392
87 6.22808
88 6.188
89 4.55392
90 6.03275
91 6.11374
92 6.13493
93 6.12869
94 6.10777
95 6.00348
96 6.13237
97 6.0914
98 6.11079
99 6.12235
100 6.12794
101 6.11838
102 6.11475
103 6.11348
104 6.11752
105 6.07799
106 6.10072
107 6.13121
108 6.17673
109 6.17192
110 6.18877
111 6.18774
112 6.17616
113 5.96374
114 6.17337
115 6.18284
116 6.18391
117 6.14938
132 5.8306
133 6.08483
134 6.10277
135 6.09901
136 6.0532
137 6.05404
138 5.78115
139 5.72377
140 6.04591
141 6.07157
142 6.05767
143 6.06285
144 6.07733
145 6.07139
146 6.06344
147 6.05177
148 6.05232
149 6.05991
150 6.05723
151 6.05928
152 6.05866
153 4.16169
154 6.01475
155 6.01779
156 6.01873
157 6.00575
158 5.98906
159 5.99848
160 6.00918
161 5.96292
162 5.98885
163 5.99154
164 5.98086
165 5.9984
166 6.0006
167 5.99305
168 5.97261
169 5.94803
170 5.9704
171 6.02286
172 6.03034
173 6.01692
174 6.03231
175 6.05356
176 6.05265
177 5.93634
178 6.04624
179 6.05903
180 6.04525
181 6.04357
182 6.05166
183 6.04847
184 6.05041
185 6.02577
186 6.04917
187 6.04924
188 6.05642
189 6.04968
190 6.0116
191 6.00723
192 5.99474
193 5.94219
194 5.95391
195 6.00082
196 5.99075
197 6.04091
198 6.03843
199 6.03358
200 6.03974
201 5.74491
202 5.926
203 6.02558
204 5.95766
205 5.95344
206 5.97068
207 5.9689
208 5.97954
209 6.00485
210 6.02522
211 6.02791
212 6.02203
213 6.02606
214 5.9561
215 5.94718
216 5.95065
217 3.70354
218 5.82018
219 5.90985
220 5.91261
221 5.91216
222 5.97657
223 5.97018
224 5.9588
225 5.91537
226 5.8445
227 5.73644
228 5.60485
229 2.72517
230 2.41296
231 3.2222
232 5.25505
233 6.59178
234 6.59161
235 6.5678
236 6.57229
255 5.55787
256 5.89797
257 5.87213
258 5.88883
259 5.82343
260 5.82951
261 5.87361
262 5.86249
263 5.83829
264 5.89407
265 5.85535
266 5.89612
267 5.87651
268 5.88066
269 5.83529
270 5.87786
271 5.89192
272 5.82208
273 5.85727
274 5.81277
275 5.86376
276 5.88048
277 5.81162
278 5.86889
279 5.86634
280 5.86417
281 3.33602
282 5.83649
283 5.83812
284 5.8357
285 5.82442
286 5.82876
287 5.82713
288 5.81967
289 5.6525
290 5.81784
291 5.80188
292 5.75023
293 5.82245
294 5.81422
295 5.81845
296 5.81866
297 5.78272
298 5.79613
299 5.76186
300 5.8039
301 5.80383
302 5.80141
303 5.79703
304 5.79257
305 5.77327
306 5.80393
307 5.80312
308 5.79149
309 5.76901
310 5.79858
311 5.79576
312 5.79039
313 5.77324
314 5.79505
315 5.79959
316 5.81663
317 5.8071
318 5.80578
319 5.77991
320 5.80154
321 5.77104
322 5.79821
323 5.7916
324 5.78935
325 5.78118
326 5.77464
327 5.78081
328 5.78098
329 5.76073
330 5.78259
331 5.7853
332 5.80255
333 5.68929
334 5.78135
335 5.73766
336 5.75364
337 5.78878
338 5.78911
339 5.73388
340 5.78466
341 5.77547
342 5.7858
343 5.73625
344 5.7852
345 3.05087
346 5.72777
347 5.72702
348 5.75589
349 5.73477
350 5.74528
351 5.72777
352 5.68757
353 5.69632
354 5.71974
355 5.69308
356 5.67202
357 5.72482
358 5.72862
359 5.72246
360 5.68418
361 5.69301
362 5.71801
363 5.72429
364 5.73638
365 5.70724
366 5.69489
367 5.70519
368 5.71167
369 5.67956
370 5.68518
371 5.71386
372 5.70903
373 5.70542
374 5.70998
375 5.71347
376 5.71243
377 5.6407
378 5.70526
379 5.6579
380 5.70636
381 5.69807
382 5.34739
383 5.70395
384 5.7061
385 5.68266
386 5.69149
387 5.6867
388 5.70223
