prefill 3
prev_token token speed(token/s)
0 18 12.9809
101 14 13.7503
197 17 16.5421
decode 283
prev_token speed(token/s)
19 5.9572
20 6.32287
21 6.30287
22 6.27778
23 6.29378
24 6.30227
25 6.18663
26 6.28299
27 6.25254
28 6.31991
29 6.26056
30 6.25665
31 6.24138
32 6.25657
33 6.21922
34 6.21091
35 6.21836
36 6.22522
37 6.21732
38 6.21937
39 6.21029
40 6.22514
41 6.13241
42 6.08813
43 6.15801
44 6.17276
45 6.21662
46 6.17257
47 6.21933
48 6.16337
49 6.11782
50 6.18697
51 6.1642
52 6.18116
53 6.2322
54 6.16774
55 6.165
56 6.22533
57 6.15423
58 6.15074
59 6.16192
60 6.2191
61 6.16173
62 6.16416
63 6.16671
64 6.15513
65 6.06358
66 5.99158
67 6.15373
68 6.11363
69 6.11453
70 6.10564
71 6.15491
72 6.08895
73 6.10028
74 6.12018
75 5.94573
76 6.11857
77 6.11782
78 6.10598
79 5.97932
80 6.11056
81 5.98161
82 6.13418
83 6.11325
84 6.10508
85 6.09025
86 6.02268
87 6.03919
88 6.03427
89 5.92217
90 5.95646
91 5.96061
92 5.96844
93 5.95245
94 6.01627
95 5.96901
96 6.02119
97 5.88554
98 5.94994
99 5.96605
100 5.9094
101 5.95884
116 5.911
117 5.78918
118 5.97158
119 5.99477
120 5.9286
121 5.8818
122 5.89765
123 5.9051
124 5.91562
125 5.90019
126 5.89925
127 5.90434
128 5.77821
129 5.86514
130 5.89105
131 5.89036
132 5.88699
133 5.88831
134 5.89518
135 5.88491
136 5.75947
137 5.86562
138 5.8682
139 5.84768
140 5.85916
141 5.85429
142 5.84532
143 5.84604
144 5.86002
145 5.79693
146 5.86538
147 5.85978
148 5.85888
149 5.85751
150 5.85936
151 5.85158
152 5.7398
153 5.81142
154 5.83512
155 5.82235
156 5.57227
157 5.82506
158 5.84208
159 5.84641
160 5.85124
161 5.80828
162 5.80508
163 5.8511
164 5.85196
165 5.84368
166 5.77381
167 5.85425
168 5.82781
169 5.76582
170 5.80306
171 5.80973
172 5.81004
173 5.80046
174 5.80198
175 5.79919
176 5.80966
177 5.76452
178 5.80484
179 5.78995
180 5.79186
181 5.76037
182 5.79066
183 5.78573
184 5.79781
185 5.73987
186 5.77047
187 5.75748
188 5.77131
189 5.76638
190 5.76605
191 5.76269
192 5.76788
193 5.69528
194 5.71494
195 5.71912
196 5.72079
197 5.7241
215 5.50943
216 5.63822
217 5.61202
218 5.63695
219 5.61196
220 5.56477
221 5.62502
222 5.60827
223 5.55874
224 5.61114
225 5.5461
226 5.5605
227 5.55889
228 5.55738
229 5.56167
230 5.56263
231 5.55065
232 5.5601
233 5.55772
234 5.60566
235 5.54413
236 5.60303
237 5.5492
238 5.5816
239 5.57277
240 5.53474
241 5.50916
242 5.53854
243 5.48775
244 5.46367
245 5.5281
246 5.53532
247 5.53051
248 5.52773
249 5.52544
250 5.54001
251 5.52669
252 5.5173
253 5.53523
254 5.54554
255 5.54425
256 5.54241
257 5.46798
258 5.52905
259 5.5303
260 5.52029
261 5.52395
262 5.51493
263 5.52026
264 5.52053
265 5.4821
266 5.48519
267 5.47891
268 5.48366
269 5.48778
270 5.48134
271 5.47624
272 5.48896
273 5.43797
274 5.50221
275 5.4968
276 5.48724
277 5.49526
278 5.4968
279 5.48501
280 5.49747
281 5.45277
282 5.46843
283 5.46203
284 5.47085
285 5.47238
286 5.46738
287 5.47663
288 5.45887
289 5.44633
290 5.466
291 5.45464
292 5.45592
293 5.45295
294 5.44375
295 5.45343
296 5.45563
297 5.40599
298 5.42594
299 5.40684
300 5.41682
301 5.41363
302 5.41468
303 5.40959
304 5.4121
305 5.39517
306 5.41548
307 5.40289
308 5.40804
309 5.40997
310 5.40003
311 5.40085
312 5.41331
313 5.33552
314 5.40161
315 5.38506
316 5.40316
317 5.39258
318 5.38141
319 5.39922
320 5.39849
321 5.35409
322 5.36821
323 5.37389
324 5.36098
325 5.3653
326 5.35768
327 5.36725
328 5.27596
329 5.34108
330 5.35871
331 5.34539
332 5.34048
