5.84999e-05	
0.000407508	
0.000135056	
0.000188896	
0.000117432	
0.000439533	
3.1189e-05	
3.02915e-05	
7.16483e-05	
6.38271e-05	
0.000976583	
0.000252095	
0.000260931	
0.000184174	
0.000336492	
0.000215005	
0.000841072	
0.000184431	
0.000162376	
0.000450036	
0.000209995	
0.00219696	
0.00430876	
0.000379628	
0.000385211	
6.6517e-05	
0.00124268	
0.000124515	
0.000395098	
0.000129814	
1.58261e-05	
0.000319302	
0.000129323	
0.000232475	
0.000324879	
4.40213e-05	
0.00011632	
5.42697e-05	
0.00247006	
0.000162055	
0.000242463	
0.000442707	
0.000645127	
0.000544394	
0.000336162	
0.000111816	
0.00045567	
0.000231081	
3.45258e-05	
4.09399e-05	
0.00027662	
0.000204278	
0.00237902	
0.000207595	
0.00027133	
7.04816e-05	
6.93581e-05	
4.4808e-05	
5.59818e-05	
0.00191961	
0.00021494	
8.1547e-05	
0.000118843	
0.00209694	
0.00108477	
0.000113265	
0.000701457	
1.61221e-05	
0.000277671	
0.000504465	
0.000261244	
0.000553247	
0.000106096	
0.0028033	
8.08416e-05	
0.00044523	
0.000172191	
0.000320842	
0.00122362	
0.000407137	
0.00048871	
0.00021944	
0.000193299	
0.000201739	
2.8045e-05	
0.000351353	
0.000418198	
0.000590462	
0.000231759	
0.000348272	
0.000223771	
0.000457612	
0.00138646	
0.00027537	
0.00046964	
0.000316146	
0.000282203	
4.55039e-05	
0.00029628	
0.000106214	
0.000249675	
5.79573e-05	
0.000129305	
0.000921835	
0.000131187	
2.47851e-05	
4.48823e-05	
0.000281903	
3.54027e-05	
0.000109236	
0.000814402	
0.0452451	
0.000271246	
0.000391573	
0.000159218	
6.08756e-05	
0.000176255	
0.00065087	
8.78972e-05	
7.15879e-05	
0.000172508	
7.95951e-05	
0.000227301	
3.75739e-05	
0.00010586	
9.79813e-05	
0.000790456	
0.000429166	
0.00382855	
0.000322329	
0.000102767	
9.02162e-05	
0.000176954	
7.50414e-05	
5.32857e-05	
9.19405e-05	
0.000209125	
8.26662e-05	
0.000153288	
0.000117348	
0.000221788	
0.000193475	
0.000188994	
0.000286531	
0.000181526	
0.00030495	
0.000927492	
0.00101205	
0.000539562	
0.000518651	
0.000250557	
0.000532754	
0.000305345	
0.000421995	
7.88817e-05	
0.000134146	
0.0002036	
0.000101825	
8.55659e-05	
0.000217675	
7.33966e-05	
8.81646e-05	
0.000236675	
0.00078381	
0.000118727	
0.000168101	
0.000114099	
0.000210041	
0.000127354	
6.49902e-05	
0.000389222	
9.60369e-05	
0.000387939	
0.000284262	
0.000214434	
5.93303e-05	
0.000125753	
6.65014e-05	
0.00029753	
2.85605e-05	
9.06815e-05	
9.83047e-05	
0.000186105	
0.000189405	
0.000108561	
0.000156132	
9.35646e-05	
0.000334089	
0.000217983	
0.000208247	
0.000557185	
5.08443e-05	
3.91334e-05	
0.000121429	
0.000213291	
0.000428065	
0.000102992	
5.09638e-05	
7.72177e-05	
0.00021247	
0.00012493	
3.00614e-05	
0.000108723	
0.000251304	
7.95721e-05	
0.000118125	
0.000125916	
0.000242566	
0.000183052	
0.000238039	
9.00983e-05	
0.00033884	
0.000335636	
4.97491e-05	
9.54908e-05	
0.000147427	
0.000235382	
3.24692e-05	
2.53343e-05	
5.30226e-05	
0.000133766	
0.000149427	
0.000158753	
0.000164508	
6.38694e-05	
0.000131676	
8.62652e-05	
9.23022e-05	
0.00053602	
0.000294627	
4.77973e-05	
3.40075e-05	
0.000127195	
0.000100779	
0.000141394	
6.93493e-05	
0.00021426	
0.000373919	
7.35373e-05	
0.000116302	
6.29895e-05	
8.90107e-05	
8.65926e-05	
8.07923e-05	
5.44414e-05	
6.72053e-05	
7.18973e-05	
0.000195113	
6.41366e-05	
0.000178375	
9.46791e-05	
0.000255747	
0.000148055	
9.24353e-05	
0.000550321	
5.16364e-05	
0.000259454	
0.000139986	
0.000259223	
0.000234056	
0.000245652	
0.000113411	
0.00012291	
5.86562e-05	
7.6352e-05	
0.00013246	
5.65014e-05	
5.371e-05	
0.000174122	
0.000348018	
0.000242461	
9.99158e-05	
0.00012669	
0.000152037	
0.000142971	
0.000263541	
0.000134162	
9.43107e-05	
7.03653e-05	
0.000375819	
0.000373638	
0.000362762	
0.000176608	
0.000553627	
0.000212369	
0.000556731	
6.33714e-05	
4.16909e-05	
0.000153469	
0.000104749	
4.80678e-05	
7.06409e-05	
0.000123139	
0.000131172	
7.92542e-05	
0.00014269	
0.000119434	
6.05369e-05	
0.000246289	
0.00016796	
0.000282195	
0.000432173	
0.000288765	
0.000372912	
0.000145862	
3.79486e-05	
0.000263489	
0.000410627	
0.000438759	
0.000196241	
0.000718361	
0.000284234	
0.000454092	
0.000251267	
0.000944449	
0.000659493	
0.000113286	
0.000197713	
0.000836857	
0.00296238	
0.000728891	
2.69087e-05	
5.6543e-05	
0.000141059	
0.000217919	
0.000111013	
0.000340487	
6.70497e-05	
0.000256365	
4.90182e-05	
0.000104297	
0.00042762	
0.000624391	
3.25734e-05	
0.000108895	
0.000102299	
0.000130115	
6.43223e-05	
3.00618e-05	
9.32417e-05	
5.90577e-05	
0.000422196	
0.000112378	
3.81248e-05	
7.72225e-05	
0.000160975	
0.000102662	
0.000151005	
8.56433e-05	
0.00017164	
0.000343337	
0.000371895	
4.15311e-05	
0.000506362	
0.000679619	
7.08559e-05	
0.000967345	
0.000320833	
0.000559372	
0.000526841	
9.28372e-05	
0.000722793	
0.000197853	
0.000104371	
0.000113369	
0.00010303	
9.40284e-05	
0.00020967	
0.00015109	
0.000110984	
0.000155302	
0.000185925	
8.79438e-05	
0.000178416	
0.000158101	
5.49849e-05	
0.000258471	
0.000101827	
9.79982e-05	
7.31769e-05	
0.000466311	
5.27357e-05	
0.000136255	
0.000134573	
7.19681e-05	
0.000116893	
4.34455e-05	
7.94426e-05	
9.25822e-05	
0.000784185	
0.000111582	
9.21442e-05	
0.000215653	
9.87248e-05	
0.000112313	
0.000441474	
3.97473e-05	
0.000287191	
0.00014388	
0.0024876	
0.000204391	
0.000669412	
0.00166591	
0.00036552	
0.00108423	
0.00137561	
6.99382e-05	
5.40402e-05	
4.42484e-05	
0.00435375	
6.29151e-05	
0.00040093	
0.000756597	
0.00400012	
0.00031702	
1.02444e-05	
0.00104465	
0.000644234	
0.0128356	
0.00115216	
0.0010934	
0.000348268	
0.000339235	
0.000223367	
3.65192e-05	
0.000113284	
0.00115457	
0.000352858	
4.57316e-05	
0.000693822	
0.000212332	
0.000244919	
0.0129457	
0.000286124	
0.000332385	
0.000117652	
0.000385254	
0.000570311	
0.00740037	
0.000342884	
0.000420041	
0.000736046	
0.000616763	
0.00105068	
0.000131689	
0.000134898	
0.0344631	
0.000590218	
0.000371287	
0.000120224	
0.000133815	
0.0138283	
9.43408e-05	
0.000129979	
1.0971e-05	
0.000529264	
0.00199325	
0.000774097	
0.00012703	
0.00142439	
0.000134269	
0.000267418	
0.00779658	
0.000740845	
0.000543674	
0.0014696	
0.000106571	
1.49111e-05	
2.83274e-05	
0.0013411	
0.00567048	
0.000264952	
0.000125272	
0.00481618	
0.000177511	
0.000132732	
3.39786e-05	
0.000534728	
0.000486873	
0.000168197	
0.00119057	
0.000969847	
0.00139044	
2.40357e-05	
0.000172435	
0.001694	
0.000565491	
0.00233841	
0.00462042	
4.54429e-05	
0.000378364	
0.000421297	
0.000342206	
0.000371091	
0.00137717	
6.93245e-05	
0.00027526	
0.000151419	
0.000143243	
0.00707294	
9.69008e-05	
0.000753093	
0.000257561	
0.000910607	
0.00143842	
0.000851784	
0.000290681	
0.00287309	
0.000406039	
7.57681e-06	
0.000277082	
0.000153859	
0.00299472	
0.000517842	
0.000357205	
0.000233594	
0.000217216	
0.000933998	
0.000261741	
0.00114245	
0.000515489	
0.000475718	
0.000452947	
0.000973758	
0.000617391	
0.000112099	
0.000343968	
0.000795449	
0.000212636	
0.000521546	
0.00587831	
0.00110661	
0.000206862	
0.000211567	
0.0143683	
0.00025462	
4.98867e-05	
9.39141e-05	
0.000539178	
0.0008563	
0.00167091	
0.000164614	
0.00122426	
0.00197387	
0.000139727	
0.00142641	
0.00107308	
5.35943e-05	
0.000160692	
0.00509926	
0.000218235	
0.00185043	
0.000467854	
0.000594666	
6.13648e-05	
5.49689e-05	
0.00294718	
0.000419259	
0.00335166	
0.00207712	
0.000228092	
0.000314862	
0.000150606	
0.00118182	
9.65465e-05	
3.01361e-05	
0.000447118	
0.00286165	
0.00016575	
8.9073e-05	
0.000747087	
0.000185968	
0.00751709	
3.93123e-05	
0.00439649	
4.24342e-05	
0.000111522	
0.000579573	
0.000596768	
6.76674e-05	
2.23184e-05	
3.62344e-05	
2.7186e-05	
0.00103533	
0.0114435	
0.00176511	
0.000203471	
0.00317638	
0.000893346	
0.00391099	
0.000272741	
0.00191025	
0.00175719	
0.0018513	
0.000374109	
7.35457e-05	
0.00682311	
0.000480955	
0.000698719	
0.00120769	
0.00827009	
0.000886058	
0.00139968	
5.88734e-05	
0.00293847	
0.0013873	
0.000379647	
0.000242238	
0.000226647	
0.000243286	
0.00328885	
0.00030969	
8.47158e-05	
0.00358688	
0.000383638	
0.00155642	
0.00485175	
0.000514758	
0.00681027	
0.00313522	
0.000722684	
0.00016949	
0.000301374	
0.0166482	
7.92327e-05	
0.000157677	
0.00391144	
0.000194482	
0.000181245	
0.00819381	
0.000437523	
0.00194943	
0.00378117	
0.00253293	
9.15743e-05	
0.000762486	
0.00110677	
7.04673e-05	
0.000706479	
0.000250332	
4.72265e-05	
0.00217117	
0.000187641	
0.00136023	
0.0192659	
0.000144973	
0.000726735	
0.00364848	
0.000556709	
0.000107693	
0.00217791	
0.000703262	
0.000336863	
0.000694725	
0.000122541	
0.000287939	
5.07369e-05	
0.00214944	
0.000126696	
0.000656041	
0.000162646	
1.84186e-05	
0.00284817	
0.000400384	
0.00137378	
0.00013109	
0.0016131	
0.000482014	
0.000119573	
0.000123795	
0.000241247	
3.24126e-05	
0.000473726	
0.00175816	
0.00537464	
7.42155e-05	
0.000449677	
0.00811152	
0.00256024	
0.00156909	
0.00146366	
0.0014044	
0.000173379	
0.00817382	
0.00330273	
0.000282945	
0.00535711	
2.40698e-05	
0.000399097	
0.000349438	
2.75006e-05	
0.000889355	
0.000588248	
0.00113049	
0.000109443	
0.000445031	
0.00406425	
0.000324755	
8.44716e-05	
0.00909297	
0.00101106	
0.00151072	
0.000440584	
9.82608e-05	
0.000153218	
9.60044e-05	
7.13838e-05	
0.000120057	
0.00159344	
0.000135768	
0.00336966	
0.000892922	
0.0017585	
0.00152923	
0.00463135	
0.00041409	
0.000112672	
3.91712e-05	
0.000166718	
0.00153235	
0.00124248	
0.000103421	
0.00153018	
0.000699935	
0.000137231	
0.00055883	
0.001333	
0.000714363	
0.000237607	
0.000935329	
0.000141988	
0.00386207	
0.00125185	
0.00118724	
3.04978e-05	
0.000401241	
0.000295678	
0.000803709	
0.000910886	
0.000130398	
0.00168204	
0.000701581	
0.000642739	
0.000155177	
0.00802939	
0.000759397	
0.000547168	
0.0014818	
0.000435773	
0.00354804	
0.000165062	
0.000346332	
0.000778261	
0.00278175	
0.0010508	
0.000179107	
0.000122112	
3.56549e-05	
0.000470106	
0.000923748	
0.00673129	
0.000531719	
3.78742e-05	
0.00492742	
0.000796921	
0.000626616	
0.00037795	
0.00321993	
0.000309303	
0.007703	
0.000372046	
0.00334869	
0.00522156	
0.000842298	
0.00023449	
0.00057525	
0.000892544	
0.00238339	
0.00045139	
7.13323e-05	
0.000529134	
0.000619043	
0.0013471	
0.00628474	
0.0152257	
7.39136e-05	
7.17389e-05	
0.000501235	
2.25251e-05	
0.00343058	
0.000655899	
0.000222278	
0.00166866	
0.000369187	
0.000474575	
0.00119921	
0.000688804	
0.000259307	
0.00206779	
0.000374123	
5.03627e-05	
0.000140217	
0.000488065	
0.000199963	
0.00340958	
0.0004276	
0.000912791	
0.000808288	
0.00039047	
0.000144652	
0.000313717	
0.00297947	
0.00938235	
0.0251901	
0.000618991	
3.07717e-05	
0.000118854	
0.0010222	
0.00361873	
0.00017607	
4.8547e-05	
0.000150705	
0.000100845	
0.00187935	
0.000100591	
8.67514e-05	
0.00233532	
0.000721945	
0.00336316	
8.66073e-05	
0.000177987	
0.0013092	
0.000130385	
0.000831206	
0.00209578	
0.000146234	
0.00107441	
0.000626308	
0.0011061	
0.000148977	
0.00178965	
0.000907693	
0.000440349	
5.22407e-05	
0.0092607	
0.00124156	
0.0115771	
0.000182798	
0.00151777	
0.000627464	
7.66043e-05	
0.00206681	
0.0152152	
9.18414e-05	
0.000905542	
0.00664267	
6.52853e-05	
0.000231985	
0.000417586	
0.00164219	
0.000141182	
0.00268374	
0.00121681	
0.000219037	
0.000286205	
6.39704e-06	
8.41248e-05	
0.000208104	
0.000841028	
0.00119886	
0.000111318	
0.000417407	
0.00126086	
0.000208105	
2.16917e-05	
0.00102679	
0.000162882	
0.000138489	
0.000187904	
0.000303363	
0.000395033	
0.000490101	
0.000297554	
0.00318443	
0.00012414	
0.0029757	
0.000284323	
0.000241299	
5.70389e-05	
0.000168821	
0.000102991	
0.000542351	
0.0227194	
0.0049317	
0.000573277	
0.000747859	
0.00147501	
0.00242611	
0.00162249	
0.00178505	
0.000393934	
0.00169328	
0.00854168	
0.000413999	
0.00129698	
0.000714636	
0.00237373	
0.000474295	
0.000340519	
0.000339816	
0.00110035	
0.000509737	
6.02582e-05	
0.000540017	
0.000345313	
2.85952e-05	
0.000809839	
0.000101123	
0.000165353	
0.000344418	
0.00193118	
0.001392	
0.000134989	
0.000171749	
8.0024e-05	
0.000431124	
0.000263851	
6.15223e-05	
3.09935e-05	
0.000174599	
0.000301081	
0.000118437	
7.44519e-05	
7.06493e-05	
7.10166e-05	
0.000172137	
0.000175416	
0.000153726	
0.00010905	
0.000154142	
0.000429247	
0.000101057	
0.000285848	
0.000605423	
6.22712e-05	
0.000817249	
0.000137397	
7.23364e-05	
0.000469462	
0.000488185	
0.000337256	
0.00102513	
0.000253384	
7.62846e-05	
0.000450517	
0.000152041	
0.000382031	
0.000278664	
5.68396e-05	
0.00012186	
0.000665083	
9.85717e-05	
9.46963e-05	
5.32321e-05	
4.56437e-05	
4.42196e-05	
0.00179096	
0.000430524	
0.00101715	
0.00100589	
0.000221838	
0.000343029	
9.78813e-05	
1.02919e-05	
0.000911296	
0.00014542	
0.000284644	
0.00094493	
0.0008708	
6.69117e-05	
0.0017929	
9.7866e-05	
9.38552e-06	
0.000125468	
0.000168872	
0.00032313	
5.8048e-05	
0.000362474	
0.000350198	
0.000447877	
0.00083114	
4.38529e-05	
2.21424e-05	
3.96254e-05	
8.71842e-05	
0.000137555	
0.000174848	
6.61329e-05	
0.000103496	
0.000882946	
